20206   44751
23978   15900
45609   26085
44727   6176
11740   59652
60957   6479
11782   6710
26836   29055
59072   18865
56584   12276
28430   22336
47376   9644
42424   7237
40210   18026
7252   13570
59391   27516
39090   7649
26147   28155
59220   8214
29452   21145
10705   15252
54790   12912
13636   5270
30127   20837
29109   20031
13381   2859
29669   44764
19478   7242
13038   43418
46463   59710
16053   26575
18227   15678
29010   10881
30281   8342
17088   15884
42249   35113
25277   25951
2354   23500
38317   16898
42155   4253
36650   49853
19659   7455
30652   7980
61173   17405
36911   8974
34908   37903
9059   15970
31221   20765
16026   13927
39919   17758
